#T Cv <E> <E^2>
0.01 98.88529313506196 0.497865182244045 0.2527582690044023
0.01098196392785571 99.09563141439679 0.5459542225442311 0.3039871196541182
0.01196392785571142 99.33800003583363 0.5943086200692136 0.3602647586333697
0.01294589178356714 98.84222059228553 0.6425995400565028 0.4211199352547351
0.01392785571142285 97.48088196536965 0.6899335845946868 0.4852189378606921
0.01490981963927856 96.18628629948677 0.7358727456580587 0.5517760349508044
0.01589178356713427 95.81351779631085 0.7809501107576504 0.6214532237458843
0.01687374749498998 96.57456612207409 0.8262222946309256 0.6959041468470004
0.01785571142284569 98.29691818171133 0.8727348802138341 0.7770645051658212
0.0188376753507014 100.6804020895611 0.9212913715088167 0.8667621379808007
0.01981963927855711 103.3324232218528 0.9723564867732382 0.9664270785887775
0.02080160320641283 105.7779699929233 1.025964680892164 1.076739027540989
0.02178356713426854 107.560982141328 1.081681647450211 1.197349242240719
0.02276553106212425 108.3903909571795 1.138695232842154 1.326888786449714
0.02374749498997996 108.2278993657634 1.196028919243887 1.463322422099195
0.02472945891783567 107.259890940025 1.252785747875655 1.604489195268163
0.02571142284569138 105.7842806363085 1.308317212411701 1.748571647951819
0.02669338677354709 104.0928681134172 1.362272273716127 1.89432891215499
0.02767535070140281 102.4057530014883 1.414554041713734 2.041102015206287
0.02865731462925852 100.8608330507034 1.465240640016789 2.188699169227098
0.02963927855711423 99.53150651315514 1.514512079091383 2.337259614023294
0.03062124248496994 98.44778788758791 1.56259764674317 2.487138982201497
0.03160320641282565 97.61063804139565 1.609740970764129 2.638817720240327
0.03258517034068136 97.00027760062444 1.656175895768481 2.792823178807187
0.03356713426853708 96.58261805612014 1.702109279076301 2.949663079408763
0.03454909819639279 96.31647347365924 1.74771038016471 3.109776776955961
0.0355310621242485 96.16154024588587 1.793107803305223 3.273512525068579
0.03651302605210421 96.08539994182601 1.838393969606525 3.44113349206774
0.03749498997995993 96.06759684649717 1.883635161938119 3.612846672542586
0.03847695390781564 96.09979294033681 1.928883674210085 3.788841864858653
0.03945891783567135 96.18236243447625 1.974188282640544 3.96932559980682
0.04044088176352706 96.31887330975985 2.019600188214007 4.154537812564724
0.04142284569138277 96.51034802730952 2.065173276861132 4.344745543896706
0.04240480961923848 96.75098806369084 2.110959346577634 4.540215487943811
0.04338677354709419 97.02640646393175 2.157000314265381 4.741173433173533
0.0443687374749499 97.31461975220849 2.203320053027129 4.947762100414625
0.04535070140280562 97.58933416749846 2.249918392331037 5.160009095083615
0.04633266533066133 97.82456525994002 2.29676909145822 5.377814013014881
0.04731462925851704 97.99942313383555 2.343822526710048 5.600959104107911
0.04829659318637275 98.10198321063768 2.391012706504845 5.829142568562262
0.04927855711422846 98.13148843595 2.438267312204057 6.062028846330577
0.05026052104208417 98.09858499808271 2.485518940720527 6.29930720103367
0.05124248496993988 98.02374699919289 2.532715660520565 6.540749000495875
0.05222444889779559 97.93438100533538 2.579829323132779 6.786255234713472
0.05320641282565131 97.86125781391024 2.626860646563125 7.035888361661498
0.05418837675350702 97.83490000420383 2.673840726151171 7.289885680878687
0.05517034068136273 97.88241289023975 2.720829183541653 7.548654329870573
0.05615230460921844 98.02505464891649 2.767909550425512 7.812750181702532
0.05713426853707416 98.27665984446867 2.815182682266633 8.082844224862297
0.05811623246492987 98.64289515188 2.862759038387968 8.359680518825915
0.05909819639278558 99.12124635888424 2.910750600439033 8.644029766630421
0.06008016032064129 99.70160280992485 2.959263082821207 8.936642174400763
0.061062124248497 100.3673024311831 3.008388954028026 9.238202767212067
0.06204408817635271 101.0965105796869 3.058201657928295 9.549291807787625
0.06302605210420842 101.863817370598 3.10875130536644 9.870352451320473
0.06400801603206413 102.6419452422805 3.160061997102318 10.20166725000396
0.06498997995991984 103.4034612495379 3.212130834424431 10.54334456297439
0.06597194388777555 104.1223903100802 3.264928570901279 10.89531531065132
0.06695390781563126 104.7756309955734 3.318401758997917 11.25733984441316
0.06793587174348698 105.3440883091187 3.372476154232277 11.62902402250031
0.06891783567134269 105.8134598033993 3.427061065560642 12.00984295518825
0.0698997995991984 106.174641248537 3.482054292304219 12.39917037965271
0.07088176352705411 106.4237522782272 3.537347271383962 12.79631131134318
0.07186372745490982 106.5618161024191 3.592830075834537 13.20053553240128
0.07284569138276553 106.5941554872943 3.648395953478802 13.61110962250617
0.07382765531062124 106.5295860483672 3.70394516584407 14.02732558291706
0.07480961923847695 106.3794956807824 3.75938797171633 14.44852459285701
0.07579158316633267 106.1568960006056 3.814646686325717 14.87411499766188
0.07677354709418838 105.8755201111114 3.869656826386655 15.30358418930811
0.07775551102204409 105.5490238554737 3.924367416094838 15.73650454272398
0.0787374749498998 105.1903283090014 3.978740575837639 16.17253397517243
0.07971943887775551 104.8111223811888 4.032750543037788 16.61141198084257
0.08070140280561122 104.4215280983261 4.086382284812122 17.05295215699045
0.08168336673346693 104.0299185179085 4.139629858122409 17.49703229341738
0.08266533066132264 103.6428695559241 4.19249465865981 17.94358306392378
0.08364729458917836 103.265222030421 4.244983678601726 18.39257625991512
0.08462925851703407 102.9002282913211 4.297107868930568 18.84401336518174
0.08561122244488978 102.5497581405374 4.348880676861615 19.29791510694139
0.08659318637274549 102.214540667874 4.400316804916491 19.75431244722943
0.0875751503006012 101.8944214838205 4.451431216575568 20.21323931270665
0.08855711422845691 101.588618163637 4.502238394911913 20.6747272081249
0.08953907815631262 101.2959602186754 4.552751845440159 21.13880172456233
0.09052104208416833 101.015103321175 4.602983822674103 21.6054808413654
0.09150300601202405 100.7447107345863 4.65294525139644 22.0747748320744
0.09248496993987976 100.4835978258449 4.702645808185873 22.54668751982051
0.09346693386773547 100.2308381148784 4.752094125995513 23.02121858605831
0.09444889779559118 99.9858315200614 4.80129808417416 23.49836661657326
0.09543086172344689 99.74833725424011 4.850265147883825 23.97813256819044
0.0964128256513026 99.51847521908422 4.899002723987822 24.46052335582872
0.09739478957915831 99.2967007097146 4.947518504786756 24.94555528931334
0.09837675350701403 99.08375784667287 4.995820776007069 25.43325712911883
0.09935871743486974 98.88061736524698 5.043918670923451 25.92367257683261
0.1003406813627254 98.68840432051877 5.091822357995962 26.4168620659401
0.1013226452905812 98.50832092447948 5.139543154718516 26.91290376890264
0.1023046092184369 98.34156919390492 5.187093565245427 27.41189378463473
0.1032865731462926 98.18927742003603 5.234487243641072 27.91394551458125
0.1042685370741483 98.05243372408989 5.281738888166911 28.41918827397044
0.105250501002004 97.93182918856824 5.328864074852745 28.92776521677881
0.1062324649298597 97.82801229725374 5.375879040665377 29.43983067779142
0.1072144288577154 97.74125571097095 5.422800427937695 29.95554705303303
0.1081963927855712 97.67153576067955 5.469645002412381 30.47508135089576
0.1091783567134269 97.61852449220427 5.516429357341317 30.99860155103629
0.1101603206412826 97.58159361763489 5.563169615693105 31.5262729072726
0.1111422845691383 97.55982936176108 5.609881141682574 32.058254324838
0.112124248496994 97.55205688896216 5.656578271701195 32.59469493242892
0.1131062124248497 97.55687278578694 5.703274073321333 33.13573095606944
0.1140881763527054 97.57268393902132 5.749980139476254 33.68148298587664
0.1150701402805611 97.59775106636241 5.796706423247052 34.23205370884217
0.1160521042084168 97.63023515623959 5.843461116962346 34.78752616170435
0.1170340681362726 97.66824510412346 5.89025057762672 35.34796253836302
0.1180160320641283 97.70988492745552 5.937079299045842 35.91340356670388
0.118997995991984 97.75329907427447 5.983949929496693 36.48386845098345
0.1199799599198397 97.79671450810747 6.030863332402502 37.05935535823151
0.1209619238476954 97.83847844452254 6.077818686285918 37.63984241137215
0.1219438877755511 97.87709084457234 6.124813619264611 38.22528913802836
0.1229258517034068 97.91123099146512 6.171844372596548 38.8156383127393
0.1239078156312625 97.93977772563431 6.218905987232112 39.4108181217905
0.1248897795591182 97.96182314566411 6.265992507036776 40.01074457423527
0.125871743486974 97.97667980913289 6.313097192262429 40.6153240797471
0.1268537074148297 97.98388167450719 6.360212736990932 41.22445611396928
0.1278356713426854 97.983179210636 6.407331484595449 41.8380358944867
0.1288176352705411 97.97452924951996 6.454445635767246 42.45595699539171
0.1297995991983968 97.95808028158314 6.501547444279029 43.07811383517925
0.1307815631262525 97.93415397657428 6.548629396388744 43.70440398107505
0.1317635270541082 97.90322376220439 6.595684370584173 44.33473022238275
0.1327454909819639 97.86589131150077 6.642705775196268 44.96900237567576
0.1337274549098197 97.82286177218703 6.689687662237813 45.60713879510516
0.1347094188376754 97.7749185329249 6.736624816631825 46.24906757164634
0.1356913827655311 97.7228982580001 6.783512820731678 46.89472741494356
0.1366733466933868 97.66766683774674 6.830348094730052 47.54406822084219
0.1376553106212425 97.61009681511368 6.877127914132616 48.19705133594572
0.1386372745490982 97.55104674105722 6.923850405982384 48.85364953777199
0.1396192384769539 97.49134282088366 6.970514525907286 49.5138467551505
0.1406012024048096 97.43176309618499 7.017120018377666 50.17763755815429
0.1415831663326654 97.37302432737013 7.063667362745528 50.84502645043541
0.1425651302605211 97.31577164139715 7.110157707758269 51.51602699903074
0.1435470941883768 97.26057093178255 7.156592797263565 52.19066083782428
0.1445290581162325 97.20790393121473 7.202974889772298 52.86895658093863
0.1455110220440882 97.15816581470958 7.249306674437663 53.55094868141471
0.1464929859719439 97.11166514461767 7.295591185850093 54.23667626895683
0.1474749498997996 97.06862593184511 7.34183171983465 54.92618199806604
0.1484569138276553 97.02919156128561 7.388031752210648 55.61951093515366
0.149438877755511 96.99343031006944 7.434194862210061 56.31670950982511
0.1504208416833668 96.96134218199676 7.480324661983644 57.01782455208112
0.1514028056112225 96.93286677552044 7.526424733349192 57.72290243335807
0.1523847695390782 96.90789191146494 7.57249857266031 58.43198832556242
0.1533667334669339 96.88626275654725 7.618549544411955 59.14512558850004
0.1543486973947896 96.86779119114058 7.66458084394495 59.86235529232563
0.1553306613226453 96.85226519253203 7.710595469374589 60.58371587818545
0.156312625250501 96.8394580230536 7.756596202654021 61.30924295686594
0.1572945891783567 96.82913703857817 7.802585599487059 62.03896924224868
0.1582765531062124 96.82107195480964 7.848565987637731 62.7729246136069
0.1592585170340682 96.81504243826066 7.894539473034178 63.51113629839804
0.1602404809619239 96.81084490991572 7.940507952948739 64.25362916510231
0.1612224448897796 96.8082984794974 7.986473135438322 65.00042611402894
0.1622044088176353 96.80724994797046 8.032436564157972 65.75154855253858
0.163186372745491 96.80757784675025 8.078399647614532 66.50701694035531
0.1641683366733467 96.80919549206115 8.124363691907325 67.26685138977408
0.1651503006012024 96.81205306889319 8.170329935985327 68.0310723054631
0.1661322645290581 96.81613876023459 8.216299588482071 68.79970104839389
0.1671142284569138 96.82147896795178 8.262273865212206 69.57276060896693
0.1680961923847696 96.82813767676475 8.308254026451264 70.35027627457201
0.1690781563126253 96.83621502548338 8.354241413205482 71.13227627805706
0.170060120240481 96.84584516386101 8.400237481715619 71.91879241415931
0.1710420841683367 96.85719347423273 8.44624383553669 72.70986061224741
0.1720240480961924 96.87045324493718 8.492262254618105 73.50552145505316
0.1730060120240481 96.88584188682086 8.538294720881023 74.30582063421797
0.1739879759519038 96.90359678241302 8.584343439893464 75.11080933506346
0.1749699398797595 96.92397085728624 8.630410858328705 75.92054454439128
0.1759519038076152 96.94722796356008 8.676499676971098 76.73508927649554
0.176933867735471 96.97363815760765 8.722612859131909 77.55451271410627
0.1779158316633267 97.0034729522951 8.76875363441278 78.37889026236248
0.1788977955911824 97.03700062112409 8.81492549782018 79.20830351515303
0.1798797595190381 97.07448161840576 8.861132204323862 80.0428401345421
0.1808617234468938 97.11616417885044 8.907377759003584 80.88259364513345
0.1818436873747495 97.16228015457659 8.953666402981634 81.72766314629244
0.1828256513026052 97.21304113221093 9.000002595406714 82.57815294616807
0.1838076152304609 97.26863487610242 9.04639099177713 83.43417212229654
0.1847895791583166 97.32922212687333 9.092836418948163 84.2958340143752
0.1857715430861724 97.39493378739964 9.13934384718188 85.16325565548003
0.1867535070140281 97.46586851442265 9.185918359627994 86.0365571484308
0.1877354709418838 97.54209073039783 9.232565119652067 86.91586099473341
0.1887174348697395 97.62362906620574 9.279289336415127 87.80129138351005
0.1896993987975952 97.71047523695677 9.326096229143596 88.69297344850581
0.1906813627254509 97.80258335148991 9.372990990501771 89.59103250103318
0.1916633266533066 97.89986964743338 9.419978749502821 90.49559324714986
0.1926452905811623 98.002212644403 9.46706453435873 91.40677899702098
0.193627254509018 98.10945370043154 9.514253235685588 92.3247108747193
0.1946092184368738 98.22139795480543 9.561549570442351 93.24950703618367
0.1955911823647295 98.33781563629981 9.608958046981442 94.18128190314133
0.1965731462925852 98.45844371669426 9.656482931549746 95.12014542029502
0.1975551102204409 98.58298788196879 9.704128216575697 96.0662023429377
0.1985370741482966 98.71112479341058 9.75189759103603 97.01955156151389
0.1995190380761523 98.8425046136619 9.799794413172821 97.98028546946762
0.2005010020040081 98.97675376151128 9.847821685808311 98.94848937996315
0.2014829659318638 99.11347786697628 9.895982034466412 99.92424099671882
0.2024649298597195 99.25226489416215 9.944277688477934 100.9076099434976
0.2034468937875752 99.39268839539061 9.992710465222331 101.8986573562155
0.2044288577154309 99.53431086524594 10.04128175761704 102.8974355410471
0.2054108216432866 99.6766871587775 10.08999252493219 103.9039877010724
0.2063927855711423 99.81936794090329 10.13884328698185 104.9183477335774
0.207374749498998 99.96190313196769 10.18783412170169 105.9405400991615
0.2083567134268537 100.1038453163325 10.23696466609742 106.9705797633044
0.2093386773547095 100.244753084364 10.28623412050882 108.0084722102955
0.2103206412825652 100.3841942737113 10.33564125610578 109.0542135285501
0.2113026052104209 100.5217490826231 10.38518442551052 110.10779056603
0.2122845691382766 100.6570130272889 10.43486157640197 111.1691811535121
0.2132665330661323 100.7895997183248 10.48467026793451 112.238354392915
0.214248496993988 100.9191434324183 10.53460768978707 113.3152710073934
0.2152304609218437 101.0453014591382 10.58467068362813 114.3998837492445
0.2162124248496994 101.1677562054208 10.63485576676836 115.4921378612584
0.2171943887775551 101.2862170426566 10.68515915775114 116.5919715865725
0.2181763527054109 101.4004218840477 10.73557680362839 117.6993167218967
0.2191583166332666 101.5101384827944 10.78610440864995 118.8140992084556
0.2201402805611223 101.6151654475806 10.83673746408433 119.9362397547912
0.221122244488978 101.7153329701877 10.88747127890114 121.0656544855009
0.2221042084168337 101.8105032671358 10.9383010110221 122.2022556095666
0.2230861723446894 101.9005707373747 10.98922169887244 123.3459521022309
0.2240681362725451 101.9854618448572 11.04022829294135 124.4966503939627
0.2250501002004008 102.0651347307719 11.09131568710748 125.6542550606647
0.2260320641282565 102.1395785721428 11.14247874944379 126.8186695087431
0.2270140280561123 102.208812695239 11.19371235228172 127.9897966494933
0.227995991983968 102.2728854644661 11.24501140128629 129.1675395570664
0.2289779559118237 102.3318729592279 11.29637086333929 130.3518021047287
0.2299599198396794 102.3858774637875 11.3477857930262 131.5424895745865
0.2309418837675351 102.4350257850719 11.39925135755643 132.7395092360881
0.2319238476953908 102.4794674229528 11.4507628599565 133.9427708892413
0.2329058116232465 102.5193726140986 11.50231576040198 135.1521873688256
0.2338877755511022 102.5549302716446 11.55390569557718 136.3676750064345
0.234869739478958 102.5863458430062 11.60552849596821 137.5891540475246
0.2358517034068137 102.6138391076692 11.65718020102228 138.8165490212634
0.2368336673346694 102.6376419390752 11.70885707212303 140.0497890614848
0.2378156312625251 102.6579960475843 11.76055560336204 141.2888081774247
0.2387975951903808 102.6751507296192 11.81227253008816 142.5335454734394
0.2397795591182365 102.6893606388654 11.86400483526251 143.7839453175501
0.2407615230460922 102.7008835988534 11.91574975363987 145.039957458776
0.2417434869739479 102.709978475219 11.96750477383083 146.3015370940432
0.2427254509018036 102.7169031197419 12.01926763831083 147.5686448855059
0.2437074148296594 102.7219124042808 12.07103634144962 148.841246929751
0.2446893787575151 102.7252563540552 12.12280912566092 150.1193146806125
0.2456713426853708 102.7271783926942 12.17458447577147 151.4028248276211
0.2466533066132265 102.7279137078944 12.22636111172632 152.6917591324624
0.2476352705410822 102.7276877456659 12.27813797975133 153.9861042260114
0.2486172344689379 102.7267148400409 12.32991424210158 155.2858513687733
0.2495991983967936 102.7251969812784 12.38168926553765 156.5909961777975
0.2505811623246493 102.7233227292271 12.43346260865322 157.9015383230383
0.251563126252505 102.7212662698646 12.48523400821669 159.2174811967103
0.2525450901803608 102.719186618893 12.53700336465119 160.5388315587355
0.2535270541082165 102.7172269706195 12.58877072680582 161.8655991618656
0.2545090180360722 102.7155141900599 12.64053627616217 163.1977963599456
0.2554909819639279 102.7141584478167 12.69230031060359 164.5354377025968
0.2564729458917836 102.7132529902937 12.74406322790169 165.8785395199327
0.2574549098196393 102.7128740445565 12.79582550904019 167.2271195005984
0.258436873747495 102.7130808514363 12.84758770150628 168.5811962664046
0.2594188376753507 102.7139158198197 12.8993504026768 169.9407889467976
0.2604008016032064 102.7154047965258 12.95111424341603 171.305916756316
0.2613827655310622 102.7175574457185 13.00287987198758 172.6765985778611
0.2623647294589179 102.7203677290018 13.05464793839217 174.0528525547259
0.2633466933867736 102.723814479643 13.10641907922152 175.4346956939776
0.2643286573146293 102.7278620612111 13.15819390312257 176.8221434837306
0.265310621242485 102.7324611053995 13.20997297694251 178.2152095265704
0.2662925851703407 102.7375493179672 13.26175681263522 179.6139051912943
0.2672745490981964 102.7430523454831 13.31354585498985 181.018239284881
0.2682565130260521 102.7488846952204 13.36534047023749 182.4282177464922
0.2692384769539078 102.7549506985144 13.41714093558035 183.8438433648525
0.2702204408817636 102.7611455102017 13.46894742969183 185.2651155206376
0.2712024048096193 102.7673561369804 13.52076002420186 186.6920299546053
0.272184368737475 102.7734624835813 13.57257867621432 188.1245785627774
0.2731663326653307 102.7793384138081 13.62440322185012 189.5627492191311
0.2741482965931864 102.7848528147759 13.67623337083821 191.0065256263757
0.2751302605210421 102.7898706597346 13.72806870215065 192.4558871951706
0.2761122244488978 102.7942540615348 13.77990866067943 193.9108089519166
0.2770941883767535 102.7978633116601 13.83175255493637 195.3712614749757
0.2780761523046092 102.8005578969058 13.88359955576809 196.8372108592256
0.279058116232465 102.8021974895145 13.93544869605327 198.3086187084028
0.2800400801603207 102.8026429051865 13.98729887135873 199.785442154803
0.2810220440881764 102.801757023749 14.03914884151629 201.2676339054814
0.2820040080160321 102.7994056685797 14.09099723308626 202.7551423142484
0.2829859719438878 102.7954584406601 14.1428425426611 204.2479114783562
0.2839679358717435 102.7897895040441 14.19468314096327 205.7458813587845
0.2849498997995992 102.7822783186856 14.24651727769339 207.2489879229856
0.2859318637274549 102.7728103209528 14.29834308706359 208.7571633086327
0.2869138276553106 102.7612775446776 14.35015859398235 210.2703360071519
0.2878957915831664 102.7475791869064 14.40196172081168 211.7884310653802
0.2888777555110221 102.7316221127771 14.45375029465453 213.3113703038989
0.2898597194388778 102.7133213010223 14.5055220551081 214.8390725504811
0.2908416833667335 102.6926002286481 14.55727466242542 216.3714538869823
0.2918236472945892 102.6693911952807 14.60900570602492 217.9084279080321
0.2928056112224449 102.6436355879247 14.66071271328847 219.4499059898777
0.2937875751503006 102.6152840864625 14.71239315858832 220.9957975676401
0.2947695390781563 102.5842968103274 14.76404447249281 222.5460104194785
0.2957515030060121 102.5506434099775 14.81566405108203 224.1004509558387
0.2967334669338678 102.5143031012437 14.86724926533402 225.6590245122985
0.2977154308617235 102.4752646512325 14.91879747050362 227.2216356442768
0.2986973947895792 102.4335263076233 14.97030601548271 228.7881884223187
0.2996793587174349 102.3890956851018 15.02177225205104 230.3585867262164
0.3006613226452906 102.341989603111 15.07319354400112 231.9327345366571
0.3016432865731463 102.2922338834981 15.12456727607783 233.5105362230768
0.302625250501002 102.2398631054121 15.17589086270497 235.0918968263053
0.3036072144288577 102.1849203261092 15.22716175644935 236.676722334936
0.3045891783567135 102.1274567682062 15.27837745619171 238.2649199541665
0.3055711422845692 102.0675314743102 15.32953551498383 239.8563983661755
0.3065531062124249 102.0052109375631 15.38063354754185 241.4510679809025
0.3075350701402806 101.9405687062332 15.43166923737343 243.0488411765726
0.3085170340681363 101.8736849681106 15.48264034350475 244.6496325290472
0.309498997995992 101.8046461187282 15.53354470678425 246.2533590292529
0.3104809619238477 101.7335443124044 15.58438025576491 247.859940288227
0.3114629258517034 101.6604770056732 15.63514501213111 249.4692987292293
0.3124448897795591 101.5855464880658 15.68583709567932 251.081359766313
0.3134268537074149 101.5088594114009 15.73645472883024 252.6960519693242
0.3144088176352706 101.4305263133904 15.78699624067814 254.3133072147212
0.3153907815631263 101.350661140741 15.83746007057781 255.9330608223334
0.316372745490982 101.2693807776901 15.88784477125289 257.555251677774
0.3173547094188377 101.1868045747778 15.93814901145378 259.1798223405203
0.3183366733466934 101.1030538862001 15.98837157815112 260.8067191377049
0.3193186372745491 101.0182516168124 16.03851137827636 262.4358922437684
0.3203006012024048 100.9325217761881 16.0885674400298 264.0672957460503
0.3212825651302605 100.8459890475541 16.13853891374918 265.7008876966034
0.3222645290581163 100.7587783691522 16.18842507236544 267.3366301505549
0.323246492985972 100.6710145297536 16.23822531145436 268.9744891912306
0.3242284569138277 100.5828217808574 16.2879391488966 270.6144349424642
0.3252104208416834 100.4943234657972 16.33756622416596 272.2564415685455
0.3261923847695391 100.4056416660487 16.38710629726544 273.9004872622828
0.3271743486973948 100.3168968666063 16.43655924731937 275.5465542214637
0.3281563126252505 100.2282076399569 16.48592507084901 277.1946286144093
0.3291382765531062 100.1396903496664 16.53520387975106 278.8447005352235
0.3301202404809619 100.0514588746588 16.58439589898659 280.4967639489884
0.3311022044088177 99.9636243514872 16.63350146401654 282.1508166277011
0.3320841683366734 99.87629493884461 16.68252101799052 283.8068600775505
0.3330661322645291 99.78957560091078 16.73145510871407 285.464899457935
0.3340480961923848 99.70356791061398 16.78030438541464 287.1249434929581
0.3350300601202405 99.61836987384277 16.82906959532066 288.7870043759643
0.3360120240480962 99.53407577091664 16.877751580083 290.4510976676626
0.3369939879759519 99.45077601843168 16.92635127204863 292.1172421885094
0.3379759519038076 99.3685570508849 16.97486969040143 293.78545990579
0.3389579158316633 99.28750121891855 17.02330793720091 295.455775816107
0.3399398797595191 99.2076867037801 17.07166719333762 297.1282178238837
0.3409218436873748 99.1291874532304 17.11994871439439 298.8028166161611
0.3419038076152305 99.05207312938711 17.16815382646855 300.4796055345196
0.3428857715430862 98.97640907507596 17.21628392194478 302.15862044459
0.3438677354709419 98.90225629403876 17.26434045524278 303.839899603513
0.3448496993987976 98.82967144576665 17.31232493855297 305.5234835259585
0.3458316633266533 98.75870685526363 17.36023893757237 307.2094148492476
0.346813627254509 98.68941053340299 17.40808406726076 308.897738197844
0.3477955911823647 98.62182621206394 17.45586198761646 310.588500047778
0.3487775551102205 98.55599338833849 17.5035743995015 312.2817485914589
0.3497595190380762 98.49194738305749 17.55122304050278 313.977533603136
0.3507414829659319 98.42971940496408 17.59880968086807 315.6759063054263
0.3517234468937876 98.36933662834879 17.64633611950277 317.3769192374681
0.3527054108216433 98.31082227603845 17.69380418005119 319.0806261246587
0.353687374749499 98.25419571337359 17.74121570705746 320.7870817506054
0.3546693386773547 98.19947254713739 17.78857256222972 322.4963418314928
0.3556513026052104 98.14666473257222 17.83587662079823 324.2084628930404
0.3566332665330662 98.09578068615687 17.88312976798459 325.9235021504828
0.3576152304609219 98.04682540203019 17.93033389559011 327.6415173917079
0.3585971943887776 97.99980057687173 17.9774908986856 329.3625668636433
0.3595791583166333 97.95470473552061 18.02460267244197 331.0867091624343
0.360561122244489 97.91153336145005 18.07167110907862 332.814003127227
0.3615430861723447 97.87027903085053 18.11869809494059 334.5445077378983
0.3625250501002004 97.83093154917194 18.16568550770944 336.2782820168829
0.3635070140280561 97.79347808803925 18.21263521375518 338.0153849351918
0.3644889779559118 97.75790332681771 18.25954906561297 339.7558753227033
0.3654709418837676 97.72418959230671 18.30642889960695 341.4998117827849
0.3664529058116233 97.69231700054229 18.35327653361211 343.2472526115438
0.367434869739479 97.66226359967308 18.40009376494865 344.9982557214674
0.3684168336673347 97.63400551016213 18.44688236842456 346.7528785696281
0.3693987975951904 97.60751706743739 18.49364409451148 348.5111780906851
0.3703807615230461 97.58277096221482 18.54038066765592 350.2732106342086
0.3713627254509018 97.55973837813296 18.5870937847416 352.0390319069479
0.3723446893787575 97.53838913098446 18.63378511367225 353.8086969195838
0.3733266533066132 97.51869180445341 18.68045629209276 355.5822599380091
0.374308617234469 97.50061388332958 18.72710892625005 357.3597744394089
0.3752905811623247 97.48412188488581 18.77374458997674 359.1412930726763
0.3762725450901804 97.46918148795666 18.82036482380374 360.9268676234074
0.3772545090180361 97.45575765856725 18.86697113420062 362.7165489833375
0.3782364729458918 97.44381477362333 18.91356499293392 364.5103871241369
0.3792184368737475 97.4333167391238 18.96014783654987 366.3084310753644
0.3802004008016032 97.42422710739532 19.00672106596905 368.1107289068162
0.3811823647294589 97.41650918925987 19.05328604619328 369.9173277147507
0.3821643286573146 97.41012616268196 19.09984410612551 371.7282736122941
0.3831462925851704 97.40504117890147 19.14639653848371 373.5436117235072
0.3841282565130261 97.40121746116129 19.19294459983418 375.3633861814104
0.3851102204408818 97.39861840328223 19.23948951070425 377.1876401295452
0.3860921843687375 97.39720766171273 19.28603245579614 379.0164157270138
0.3870741482965933 97.39694924349016 19.33257458428879 380.8497541568849
0.388056112224449 97.39780759022437 19.37911701022575 382.6876956379398
0.3890380761523047 97.39974765775956 19.42566081297849 384.5302794393365
0.3900200400801604 97.40273499048726 19.47220703778934 386.3775438982178
0.3910020040080161 97.40673579271554 19.51875669638476 388.2295264403016
0.3919839679358718 97.41171699326971 19.56531076765758 390.0862636028305
0.3929659318637275 97.41764630777347 19.611870198404 391.9477910600337
0.3939478957915832 97.42449229509714 19.65843590412964 393.8141436511286
0.3949298597194389 97.43222440856101 19.70500876990257 395.6853554101063
0.3959118236472947 97.44081304513816 19.7515896512515 397.5614595977394
0.3968937875751504 97.45022958704691 19.7981793751191 399.4424887353346
0.3978757515030061 97.46044644098558 19.84477874084481 401.3284746400504
0.3988577154308618 97.4714370723774 19.89138852119041 403.2194484618894
0.3998396793587175 97.4831760342332 19.9380094633933 405.1154407216987
0.4008216432865732 97.49563899315135 19.98464229024856 407.0164813506277
0.4018036072144289 97.50880275056718 20.03128770121102 408.9225997303777
0.4027855711422846 97.52264525929027 20.0779463735192 410.8338247343174
0.4037675350701403 97.53714563633123 20.124618963334 412.7501847693321
0.4047494989979961 97.55228417135432 20.17130610688466 414.6717078179761
0.4057314629258518 97.56804233232717 20.21800842162412 416.598421481266
0.4067134268537075 97.58440276557553 20.26472650738641 418.5303530213334
0.4076953907815632 97.60134929426678 20.31146094754144 420.4675294043967
0.4086773547094189 97.61886691062934 20.35821231015096 422.4099773434043
0.4096593186372746 97.63694176778242 20.40498114910883 424.3577233406204
0.4106412825651303 97.65556116522595 20.45176800527768 426.3107937296213
0.411623246492986 97.67471353361087 20.49857340760271 428.2692147168398
0.4126052104208418 97.69438841493803 20.54539787421749 430.2330124225787
0.4135871743486975 97.71457643955131 20.59224191352314 432.202212920943
0.4145691382765532 97.73526930224811 20.63910602524341 434.1768422791484
0.4155511022044089 97.75645973313702 20.68599070145999 436.156926595611
0.4165330661322646 97.77814146877066 20.7328964276072 438.1424920368742
0.4175150300601203 97.80030921740288 20.77982368345556 440.1335648734952
0.418496993987976 97.82295862598019 20.82677294403929 442.1301715143128
0.4194789579158317 97.84608624255043 20.87374468056188 444.132338539383
0.4204609218436874 97.86968947624793 20.92073936126797 446.1400927314276
0.4214428857715432 97.89376655833539 20.96775745226107 448.1534611055218
0.4224248496993989 97.91831649849891 21.0147994182953 450.1724709371404
0.4234068136272546 97.94333904194102 21.06186572351661 452.1971497884689
0.4243887775551103 97.96883462365258 21.10895683216425 454.2275255327652
0.425370741482966 97.99480432286845 21.15607320922236 456.263626376834
0.4263527054108217 98.02124981494964 21.20321532103467 458.3054808816307
0.4273346693386774 98.04817332457887 21.25038363585983 460.3531179807171
0.4283166332665331 98.07557757538913 21.29757862439403 462.4065669967667
0.4292985971943888 98.10346574199545 21.34480076023066 464.4658576558883
0.4302805611222446 98.1318413991917 21.3920505202835 466.5310200999054
0.4312625250501003 98.16070847290963 21.43932838514995 468.6020848963924
0.432244488977956 98.19007118923645 21.48663483943637 470.6790830466981
0.4332264529058117 98.21993402459697 21.5339703720245 472.7620459915873
0.4342084168336674 98.25030165541096 21.58133547629589 474.8510056148925
0.4351903807615231 98.28117890895373 21.62873065030109 476.9459942448828
0.4361723446893788 98.31257071317282 21.67615639688394 479.0470446533507
0.4371543086172345 98.34448204823002 21.72361322375981 481.154190052852
0.4381362725450902 98.37691789890239 21.77110164353509 483.2674640913585
0.439118236472946 98.40988320527921 21.81862217369844 485.38690084513
0.4401002004008017 98.44338281843002 21.8661753365452 487.5125348093729
0.4410821643286574 98.47742145225081 21.91376165907513 489.6444008867202
0.4420641282565131 98.51200364081609 21.96138167282874 491.7825343737933
0.4430460921843688 98.54713369413787 22.00903591369296 493.9269709457902
0.4440280561122245 98.58281565557931 22.05672492166007 496.0777466389965
0.4450100200400802 98.61905326115283 22.10444924054614 498.2348978315295
0.4459919839679359 98.65584990055333 22.15220941766597 500.3984612221211
0.4469739478957916 98.69320857812373 22.20000600348016 502.5684738072638
0.4479559118236474 98.73113187703055 22.24783955119436 504.7449728564619
0.4489378757515031 98.76962192454496 22.29571061632906 506.927995885973
0.4499198396793588 98.80868035830557 22.34361975625557 509.1175806307992
0.4509018036072145 98.84830829508613 22.39156752970186 511.3137650153919
0.4518837675350702 98.88850630138509 22.43955449622341 513.5165871227005
0.4528657314629259 98.92927436540111 22.48758121565033 515.7260851619653
0.4538476953907816 98.97061187124223 22.53564824750625 517.9422974352278
0.4548296593186373 99.0125175741543 22.58375615040603 520.1652623026047
0.455811623246493 99.05498958006368 22.63190548141948 522.3950181464324
0.4567935871743488 99.09802532353163 22.68009679543414 524.6316033345424
0.4577755511022045 99.14162155076781 22.72833064448015 526.8750561823748
0.4587575150300602 99.18577430398497 22.77660757704485 529.125414914406
0.4597394789579159 99.23047890569593 22.82492813737922 531.3827176246899
0.4607214428857716 99.27572994743336 22.87329286478634 533.6470022370135
0.4617034068136273 99.32152128035693 22.92170229289097 535.9183064640897
0.462685370741483 99.36784600623614 22.97015694891419 538.1966677665686
0.4636673346693387 99.41469647165334 23.0186573529337 540.4821233115829
0.4646492985971944 99.46206426448933 23.06720401713748 542.7747099309944
0.4656312625250502 99.50994021084632 23.11579744508184 545.0744640794575
0.4666132264529059 99.55831437609859 23.16443813093912 547.3814217924242
0.4675951903807616 99.60717606609893 23.21312655875306 549.6956186440736
0.4685771543086173 99.65651383077639 23.26186320169589 552.0170897053928
0.469559118236473 99.7063154704886 23.31064852132723 554.3458695024957
0.4705410821643287 99.75656804285705 23.35948296686177 556.6819919750326
0.4715230460921844 99.80725787286946 23.40836697444328 559.0254904351935
0.4725050100200401 99.85837056268463 23.45730096643327 561.3763975269246
0.4734869739478959 99.90989100558656 23.50628535070577 563.7347451859682
0.4744689378757516 99.96180340031283 23.55532051995728 566.1005646003197
0.4754509018036073 100.014091266669 23.60440685103306 568.4738861713855
0.476432865731463 100.0667374634737 23.65354470427017 570.8547394761105
0.4774148296593187 100.1197242076316 23.70273442285704 573.24315322982
0.4783967935871744 100.1730330947059 23.75197633221432 575.6391552500996
0.4793787575150301 100.2266451217992 23.80127073938881 578.0427724215375
0.4803607214428858 100.2805407092767 23.85061793248799 580.4540306618629
0.4813426853707415 100.3346997265468 23.90001818011975 582.8729548890142
0.4823246492985973 100.3891015177445 23.94947173086133 585.299568989355
0.483306613226453 100.4437249282499 23.99897881276105 587.733895787443
0.4842885771543087 100.4985483328675 24.04853963286069 590.1759570169903
0.4852705410821644 100.5535496647016 24.09815437674847 592.625773293293
0.4862525050100201 100.6087064451467 24.14782320813845 595.0833640870513
0.4872344689378758 100.6639958142958 24.19754626848153 597.5487476996944
0.4882164328657315 100.7193945628479 24.24732367660599 600.0219412403897
0.4891983967935872 100.7748791633501 24.29715552839255 602.5029606044907
0.4901803607214429 100.830425803697 24.34704189647477 604.9918204537023
0.4911623246492987 100.8860104200022 24.39698282997952 607.4885341980176
0.4921442885771544 100.9416087305914 24.44697835428948 609.9931139789893
0.4931262525050101 100.9971962692152 24.49702847085553 612.505570655267
0.4941082164328658 101.0527484201892 24.54713315702419 615.0259137893803
0.4950901803607215 101.1082404525237 24.59729236591258 617.5541516366626
0.4960721442885772 101.1636475549575 24.64750602630745 620.0902911356732
0.4970541082164329 101.2189448699627 24.69777404261045 622.634337900741
0.4980360721442886 101.2741075292034 24.74809629480194 625.1862962159171
0.4990180360721443 101.3291106876246 24.79847263845427 627.746169031184
0.5 101.3839295576822 24.84890290476774 630.3139579599953
